Wybrany rozmiar planszy: 3x3
Wybrano heurystykę Manhattan
Docelowy stan puzzli:
[0,1,2] 
[3,4,5] 
[6,7,8] 

Stan początkowy:
[1,3,5] 
[8,0,7] 
[2,4,6] 

Rozpoczynam działanie algorytmu A* ...
Iteracja 0... 
[1,3,5] 
[8,0,7] 
[2,4,6] 

Iteracja 1... 
[1,3,5] 
[8,4,7] 
[2,0,6] 

Iteracja 2... 
[1,3,5] 
[8,4,7] 
[2,6,0] 

Iteracja 3... 
[1,3,5] 
[8,4,0] 
[2,6,7] 

Iteracja 4... 
[1,3,0] 
[8,4,5] 
[2,6,7] 

Iteracja 5... 
[1,0,3] 
[8,4,5] 
[2,6,7] 

Iteracja 6... 
[0,1,3] 
[8,4,5] 
[2,6,7] 

Iteracja 7... 
[8,1,3] 
[0,4,5] 
[2,6,7] 

Iteracja 8... 
[8,1,3] 
[2,4,5] 
[0,6,7] 

Iteracja 9... 
[8,1,3] 
[2,4,5] 
[6,0,7] 

Iteracja 10... 
[8,1,3] 
[2,4,5] 
[6,7,0] 

Iteracja 11... 
[8,1,3] 
[2,4,0] 
[6,7,5] 

Iteracja 12... 
[8,1,0] 
[2,4,3] 
[6,7,5] 

Iteracja 13... 
[8,0,1] 
[2,4,3] 
[6,7,5] 

Iteracja 14... 
[0,8,1] 
[2,4,3] 
[6,7,5] 

Iteracja 15... 
[2,8,1] 
[0,4,3] 
[6,7,5] 

Iteracja 16... 
[2,8,1] 
[4,0,3] 
[6,7,5] 

Iteracja 17... 
[2,8,1] 
[4,3,0] 
[6,7,5] 

Iteracja 18... 
[2,8,0] 
[4,3,1] 
[6,7,5] 

Iteracja 19... 
[2,0,8] 
[4,3,1] 
[6,7,5] 

Iteracja 20... 
[0,2,8] 
[4,3,1] 
[6,7,5] 

Iteracja 21... 
[4,2,8] 
[0,3,1] 
[6,7,5] 

Iteracja 22... 
[4,2,8] 
[3,0,1] 
[6,7,5] 

Iteracja 23... 
[4,2,8] 
[3,1,0] 
[6,7,5] 

Iteracja 24... 
[4,2,0] 
[3,1,8] 
[6,7,5] 

Iteracja 25... 
[4,0,2] 
[3,1,8] 
[6,7,5] 

Iteracja 26... 
[0,4,2] 
[3,1,8] 
[6,7,5] 

Iteracja 27... 
[3,4,2] 
[0,1,8] 
[6,7,5] 

Iteracja 28... 
[3,4,2] 
[1,0,8] 
[6,7,5] 

Iteracja 29... 
[3,0,2] 
[1,4,8] 
[6,7,5] 

Iteracja 30... 
[3,2,0] 
[1,4,8] 
[6,7,5] 

Iteracja 31... 
[3,2,8] 
[1,4,0] 
[6,7,5] 

Iteracja 32... 
[3,2,8] 
[1,0,4] 
[6,7,5] 

Iteracja 33... 
[3,2,8] 
[0,1,4] 
[6,7,5] 

Iteracja 34... 
[0,2,8] 
[3,1,4] 
[6,7,5] 

Iteracja 35... 
[2,0,8] 
[3,1,4] 
[6,7,5] 

Iteracja 36... 
[2,1,8] 
[3,0,4] 
[6,7,5] 

Iteracja 37... 
[2,1,8] 
[3,4,0] 
[6,7,5] 

Iteracja 38... 
[2,1,0] 
[3,4,8] 
[6,7,5] 

Iteracja 39... 
[2,0,1] 
[3,4,8] 
[6,7,5] 

Iteracja 40... 
[0,2,1] 
[3,4,8] 
[6,7,5] 

Iteracja 41... 
[3,2,1] 
[0,4,8] 
[6,7,5] 

Iteracja 42... 
[3,2,1] 
[4,0,8] 
[6,7,5] 

Iteracja 43... 
[3,0,1] 
[4,2,8] 
[6,7,5] 

Iteracja 44... 
[3,1,0] 
[4,2,8] 
[6,7,5] 

Iteracja 45... 
[3,1,8] 
[4,2,0] 
[6,7,5] 

Iteracja 46... 
[3,1,8] 
[4,0,2] 
[6,7,5] 

Iteracja 47... 
[3,1,8] 
[0,4,2] 
[6,7,5] 

Iteracja 48... 
[0,1,8] 
[3,4,2] 
[6,7,5] 

Iteracja 49... 
[1,0,8] 
[3,4,2] 
[6,7,5] 

Iteracja 50... 
[1,8,0] 
[3,4,2] 
[6,7,5] 

Iteracja 51... 
[1,8,2] 
[3,4,0] 
[6,7,5] 

Iteracja 52... 
[1,8,2] 
[3,0,4] 
[6,7,5] 

Iteracja 53... 
[1,0,2] 
[3,8,4] 
[6,7,5] 

Iteracja 54... 
[0,1,2] 
[3,8,4] 
[6,7,5] 

Iteracja 55... 
[3,1,2] 
[0,8,4] 
[6,7,5] 

Iteracja 56... 
[3,1,2] 
[6,8,4] 
[0,7,5] 

Iteracja 57... 
[3,1,2] 
[6,8,4] 
[7,0,5] 

Iteracja 58... 
[3,1,2] 
[6,0,4] 
[7,8,5] 

Iteracja 59... 
[3,1,2] 
[6,4,0] 
[7,8,5] 

Iteracja 60... 
[3,1,2] 
[6,4,5] 
[7,8,0] 

Iteracja 61... 
[3,1,2] 
[6,4,5] 
[7,0,8] 

Iteracja 62... 
[3,1,2] 
[6,4,5] 
[0,7,8] 

Iteracja 63... 
[3,1,2] 
[0,4,5] 
[6,7,8] 

Iteracja 64... 
[0,1,2] 
[3,4,5] 
[6,7,8] 


Znaleziono docelowe rozwiązanie
Rozwiązanie znaleziono w 73 ms
Wybrany rozmiar planszy: 3x3
Wybrano heurystykę Manhattan
Docelowy stan puzzli:
[0,1,2] 
[3,4,5] 
[6,7,8] 

Stan początkowy:
[1,3,5] 
[8,0,7] 
[2,4,6] 

Rozpoczynam działanie algorytmu RTA*...
Iteracja 0... 
[1,3,5] 
[0,8,7] 
[2,4,6] 

Iteracja 1... 
[1,3,5] 
[2,8,7] 
[0,4,6] 

Iteracja 2... 
[1,3,5] 
[2,8,7] 
[4,0,6] 

Iteracja 3... 
[1,3,5] 
[2,8,7] 
[4,6,0] 

Iteracja 4... 
[1,3,5] 
[2,8,0] 
[4,6,7] 

Iteracja 5... 
[1,3,5] 
[2,0,8] 
[4,6,7] 

Iteracja 6... 
[1,3,5] 
[0,2,8] 
[4,6,7] 

Iteracja 7... 
[1,3,5] 
[4,2,8] 
[0,6,7] 

Iteracja 8... 
[1,3,5] 
[4,2,8] 
[6,0,7] 

Iteracja 9... 
[1,3,5] 
[4,2,8] 
[6,7,0] 

Iteracja 10... 
[1,3,5] 
[4,2,0] 
[6,7,8] 

Iteracja 11... 
[1,3,5] 
[4,0,2] 
[6,7,8] 

Iteracja 12... 
[1,3,5] 
[0,4,2] 
[6,7,8] 

Iteracja 13... 
[1,3,5] 
[4,0,2] 
[6,7,8] 

Iteracja 14... 
[1,0,5] 
[4,3,2] 
[6,7,8] 

Iteracja 15... 
[0,1,5] 
[4,3,2] 
[6,7,8] 

Iteracja 16... 
[1,0,5] 
[4,3,2] 
[6,7,8] 

Iteracja 17... 
[0,1,5] 
[4,3,2] 
[6,7,8] 

Iteracja 18... 
[4,1,5] 
[0,3,2] 
[6,7,8] 

Iteracja 19... 
[4,1,5] 
[3,0,2] 
[6,7,8] 

Iteracja 20... 
[4,1,5] 
[0,3,2] 
[6,7,8] 

Iteracja 21... 
[4,1,5] 
[3,0,2] 
[6,7,8] 

Iteracja 22... 
[4,1,5] 
[3,2,0] 
[6,7,8] 

Iteracja 23... 
[4,1,0] 
[3,2,5] 
[6,7,8] 

Iteracja 24... 
[4,0,1] 
[3,2,5] 
[6,7,8] 

Iteracja 25... 
[0,4,1] 
[3,2,5] 
[6,7,8] 

Iteracja 26... 
[4,0,1] 
[3,2,5] 
[6,7,8] 

Iteracja 27... 
[4,2,1] 
[3,0,5] 
[6,7,8] 

Iteracja 28... 
[4,2,1] 
[0,3,5] 
[6,7,8] 

Iteracja 29... 
[0,2,1] 
[4,3,5] 
[6,7,8] 

Iteracja 30... 
[2,0,1] 
[4,3,5] 
[6,7,8] 

Iteracja 31... 
[2,1,0] 
[4,3,5] 
[6,7,8] 

Iteracja 32... 
[2,0,1] 
[4,3,5] 
[6,7,8] 

Iteracja 33... 
[0,2,1] 
[4,3,5] 
[6,7,8] 

Iteracja 34... 
[4,2,1] 
[0,3,5] 
[6,7,8] 

Iteracja 35... 
[4,2,1] 
[3,0,5] 
[6,7,8] 

Iteracja 36... 
[4,2,1] 
[3,5,0] 
[6,7,8] 

Iteracja 37... 
[4,2,1] 
[3,0,5] 
[6,7,8] 

Iteracja 38... 
[4,0,1] 
[3,2,5] 
[6,7,8] 

Iteracja 39... 
[0,4,1] 
[3,2,5] 
[6,7,8] 

Iteracja 40... 
[3,4,1] 
[0,2,5] 
[6,7,8] 

Iteracja 41... 
[3,4,1] 
[2,0,5] 
[6,7,8] 

Iteracja 42... 
[3,0,1] 
[2,4,5] 
[6,7,8] 

Iteracja 43... 
[3,1,0] 
[2,4,5] 
[6,7,8] 

Iteracja 44... 
[3,0,1] 
[2,4,5] 
[6,7,8] 

Iteracja 45... 
[0,3,1] 
[2,4,5] 
[6,7,8] 

Iteracja 46... 
[2,3,1] 
[0,4,5] 
[6,7,8] 

Iteracja 47... 
[2,3,1] 
[4,0,5] 
[6,7,8] 

Iteracja 48... 
[2,3,1] 
[0,4,5] 
[6,7,8] 

Iteracja 49... 
[0,3,1] 
[2,4,5] 
[6,7,8] 

Iteracja 50... 
[3,0,1] 
[2,4,5] 
[6,7,8] 

Iteracja 51... 
[3,1,0] 
[2,4,5] 
[6,7,8] 

Iteracja 52... 
[3,1,5] 
[2,4,0] 
[6,7,8] 

Iteracja 53... 
[3,1,5] 
[2,0,4] 
[6,7,8] 

Iteracja 54... 
[3,1,5] 
[0,2,4] 
[6,7,8] 

Iteracja 55... 
[0,1,5] 
[3,2,4] 
[6,7,8] 

Iteracja 56... 
[1,0,5] 
[3,2,4] 
[6,7,8] 

Iteracja 57... 
[1,2,5] 
[3,0,4] 
[6,7,8] 

Iteracja 58... 
[1,2,5] 
[3,4,0] 
[6,7,8] 

Iteracja 59... 
[1,2,0] 
[3,4,5] 
[6,7,8] 

Iteracja 60... 
[1,0,2] 
[3,4,5] 
[6,7,8] 

Iteracja 61... 
[0,1,2] 
[3,4,5] 
[6,7,8] 


Znaleziono docelowe rozwiązanie
Rozwiązanie znaleziono w 10 ms
