Wybrany rozmiar planszy: 3x3
Wybrano heurystykę Manhattan
Docelowy stan puzzli:
[0,1,2] 
[3,4,5] 
[6,7,8] 

Stan początkowy:
[7,2,4] 
[5,0,6] 
[8,3,1] 

Rozpoczynam działanie algorytmu A* ...
Iteracja 0... 
[7,2,4] 
[5,0,6] 
[8,3,1] 

Iteracja 1... 
[7,2,4] 
[5,6,0] 
[8,3,1] 

Iteracja 2... 
[7,2,0] 
[5,6,4] 
[8,3,1] 

Iteracja 3... 
[7,0,2] 
[5,6,4] 
[8,3,1] 

Iteracja 4... 
[0,7,2] 
[5,6,4] 
[8,3,1] 

Iteracja 5... 
[5,7,2] 
[0,6,4] 
[8,3,1] 

Iteracja 6... 
[5,7,2] 
[6,0,4] 
[8,3,1] 

Iteracja 7... 
[5,7,2] 
[6,3,4] 
[8,0,1] 

Iteracja 8... 
[5,7,2] 
[6,3,4] 
[0,8,1] 

Iteracja 9... 
[5,7,2] 
[0,3,4] 
[6,8,1] 

Iteracja 10... 
[5,7,2] 
[3,0,4] 
[6,8,1] 

Iteracja 11... 
[5,7,2] 
[3,4,0] 
[6,8,1] 

Iteracja 12... 
[5,7,2] 
[3,4,1] 
[6,8,0] 

Iteracja 13... 
[5,7,2] 
[3,4,1] 
[6,0,8] 

Iteracja 14... 
[5,7,2] 
[3,0,1] 
[6,4,8] 

Iteracja 15... 
[5,0,2] 
[3,7,1] 
[6,4,8] 

Iteracja 16... 
[0,5,2] 
[3,7,1] 
[6,4,8] 

Iteracja 17... 
[3,5,2] 
[0,7,1] 
[6,4,8] 

Iteracja 18... 
[3,5,2] 
[7,0,1] 
[6,4,8] 

Iteracja 19... 
[3,5,2] 
[7,1,0] 
[6,4,8] 

Iteracja 20... 
[3,5,0] 
[7,1,2] 
[6,4,8] 

Iteracja 21... 
[3,0,5] 
[7,1,2] 
[6,4,8] 

Iteracja 22... 
[3,1,5] 
[7,0,2] 
[6,4,8] 

Iteracja 23... 
[3,1,5] 
[0,7,2] 
[6,4,8] 

Iteracja 24... 
[0,1,5] 
[3,7,2] 
[6,4,8] 

Iteracja 25... 
[1,0,5] 
[3,7,2] 
[6,4,8] 

Iteracja 26... 
[1,5,0] 
[3,7,2] 
[6,4,8] 

Iteracja 27... 
[1,5,2] 
[3,7,0] 
[6,4,8] 

Iteracja 28... 
[1,5,2] 
[3,7,8] 
[6,4,0] 

Iteracja 29... 
[1,5,2] 
[3,7,8] 
[6,0,4] 

Iteracja 30... 
[1,5,2] 
[3,0,8] 
[6,7,4] 

Iteracja 31... 
[1,0,2] 
[3,5,8] 
[6,7,4] 

Iteracja 32... 
[0,1,2] 
[3,5,8] 
[6,7,4] 

Iteracja 33... 
[3,1,2] 
[0,5,8] 
[6,7,4] 

Iteracja 34... 
[3,1,2] 
[6,5,8] 
[0,7,4] 

Iteracja 35... 
[3,1,2] 
[6,5,8] 
[7,0,4] 

Iteracja 36... 
[3,1,2] 
[6,5,8] 
[7,4,0] 

Iteracja 37... 
[3,1,2] 
[6,5,0] 
[7,4,8] 

Iteracja 38... 
[3,1,2] 
[6,0,5] 
[7,4,8] 

Iteracja 39... 
[3,1,2] 
[6,4,5] 
[7,0,8] 

Iteracja 40... 
[3,1,2] 
[6,4,5] 
[0,7,8] 

Iteracja 41... 
[3,1,2] 
[0,4,5] 
[6,7,8] 

Iteracja 42... 
[0,1,2] 
[3,4,5] 
[6,7,8] 


Znaleziono docelowe rozwiązanie
Rozwiązanie znaleziono w 50 ms
Wybrany rozmiar planszy: 3x3
Wybrano heurystykę Manhattan
Docelowy stan puzzli:
[0,1,2] 
[3,4,5] 
[6,7,8] 

Stan początkowy:
[7,2,4] 
[5,0,6] 
[8,3,1] 

Rozpoczynam działanie algorytmu RTA*...
Iteracja 0... 
[7,2,4] 
[0,5,6] 
[8,3,1] 

Iteracja 1... 
[0,2,4] 
[7,5,6] 
[8,3,1] 

Iteracja 2... 
[2,0,4] 
[7,5,6] 
[8,3,1] 

Iteracja 3... 
[2,4,0] 
[7,5,6] 
[8,3,1] 

Iteracja 4... 
[2,0,4] 
[7,5,6] 
[8,3,1] 

Iteracja 5... 
[0,2,4] 
[7,5,6] 
[8,3,1] 

Iteracja 6... 
[7,2,4] 
[0,5,6] 
[8,3,1] 

Iteracja 7... 
[7,2,4] 
[5,0,6] 
[8,3,1] 

Iteracja 8... 
[7,2,4] 
[5,6,0] 
[8,3,1] 

Iteracja 9... 
[7,2,0] 
[5,6,4] 
[8,3,1] 

Iteracja 10... 
[7,0,2] 
[5,6,4] 
[8,3,1] 

Iteracja 11... 
[0,7,2] 
[5,6,4] 
[8,3,1] 

Iteracja 12... 
[7,0,2] 
[5,6,4] 
[8,3,1] 

Iteracja 13... 
[0,7,2] 
[5,6,4] 
[8,3,1] 

Iteracja 14... 
[5,7,2] 
[0,6,4] 
[8,3,1] 

Iteracja 15... 
[5,7,2] 
[6,0,4] 
[8,3,1] 

Iteracja 16... 
[5,7,2] 
[6,4,0] 
[8,3,1] 

Iteracja 17... 
[5,7,2] 
[6,4,1] 
[8,3,0] 

Iteracja 18... 
[5,7,2] 
[6,4,1] 
[8,0,3] 

Iteracja 19... 
[5,7,2] 
[6,4,1] 
[0,8,3] 

Iteracja 20... 
[5,7,2] 
[0,4,1] 
[6,8,3] 

Iteracja 21... 
[0,7,2] 
[5,4,1] 
[6,8,3] 

Iteracja 22... 
[7,0,2] 
[5,4,1] 
[6,8,3] 

Iteracja 23... 
[0,7,2] 
[5,4,1] 
[6,8,3] 

Iteracja 24... 
[5,7,2] 
[0,4,1] 
[6,8,3] 

Iteracja 25... 
[5,7,2] 
[4,0,1] 
[6,8,3] 

Iteracja 26... 
[5,7,2] 
[4,1,0] 
[6,8,3] 

Iteracja 27... 
[5,7,2] 
[4,1,3] 
[6,8,0] 

Iteracja 28... 
[5,7,2] 
[4,1,3] 
[6,0,8] 

Iteracja 29... 
[5,7,2] 
[4,1,3] 
[0,6,8] 

Iteracja 30... 
[5,7,2] 
[4,1,3] 
[6,0,8] 

Iteracja 31... 
[5,7,2] 
[4,1,3] 
[6,8,0] 

Iteracja 32... 
[5,7,2] 
[4,1,3] 
[6,0,8] 

Iteracja 33... 
[5,7,2] 
[4,0,3] 
[6,1,8] 

Iteracja 34... 
[5,7,2] 
[0,4,3] 
[6,1,8] 

Iteracja 35... 
[0,7,2] 
[5,4,3] 
[6,1,8] 

Iteracja 36... 
[7,0,2] 
[5,4,3] 
[6,1,8] 

Iteracja 37... 
[0,7,2] 
[5,4,3] 
[6,1,8] 

Iteracja 38... 
[5,7,2] 
[0,4,3] 
[6,1,8] 

Iteracja 39... 
[5,7,2] 
[4,0,3] 
[6,1,8] 

Iteracja 40... 
[5,7,2] 
[4,3,0] 
[6,1,8] 

Iteracja 41... 
[5,7,2] 
[4,0,3] 
[6,1,8] 

Iteracja 42... 
[5,0,2] 
[4,7,3] 
[6,1,8] 

Iteracja 43... 
[0,5,2] 
[4,7,3] 
[6,1,8] 

Iteracja 44... 
[5,0,2] 
[4,7,3] 
[6,1,8] 

Iteracja 45... 
[0,5,2] 
[4,7,3] 
[6,1,8] 

Iteracja 46... 
[4,5,2] 
[0,7,3] 
[6,1,8] 

Iteracja 47... 
[4,5,2] 
[7,0,3] 
[6,1,8] 

Iteracja 48... 
[4,5,2] 
[7,3,0] 
[6,1,8] 

Iteracja 49... 
[4,5,2] 
[7,0,3] 
[6,1,8] 

Iteracja 50... 
[4,0,2] 
[7,5,3] 
[6,1,8] 

Iteracja 51... 
[0,4,2] 
[7,5,3] 
[6,1,8] 

Iteracja 52... 
[4,0,2] 
[7,5,3] 
[6,1,8] 

Iteracja 53... 
[0,4,2] 
[7,5,3] 
[6,1,8] 

Iteracja 54... 
[7,4,2] 
[0,5,3] 
[6,1,8] 

Iteracja 55... 
[7,4,2] 
[5,0,3] 
[6,1,8] 

Iteracja 56... 
[7,4,2] 
[5,3,0] 
[6,1,8] 

Iteracja 57... 
[7,4,2] 
[5,0,3] 
[6,1,8] 

Iteracja 58... 
[7,4,2] 
[5,1,3] 
[6,0,8] 

Iteracja 59... 
[7,4,2] 
[5,1,3] 
[0,6,8] 

Iteracja 60... 
[7,4,2] 
[5,1,3] 
[6,0,8] 

Iteracja 61... 
[7,4,2] 
[5,1,3] 
[6,8,0] 

Iteracja 62... 
[7,4,2] 
[5,1,3] 
[6,0,8] 

Iteracja 63... 
[7,4,2] 
[5,0,3] 
[6,1,8] 

Iteracja 64... 
[7,4,2] 
[0,5,3] 
[6,1,8] 

Iteracja 65... 
[0,4,2] 
[7,5,3] 
[6,1,8] 

Iteracja 66... 
[4,0,2] 
[7,5,3] 
[6,1,8] 

Iteracja 67... 
[4,2,0] 
[7,5,3] 
[6,1,8] 

Iteracja 68... 
[4,0,2] 
[7,5,3] 
[6,1,8] 

Iteracja 69... 
[4,5,2] 
[7,0,3] 
[6,1,8] 

Iteracja 70... 
[4,5,2] 
[7,1,3] 
[6,0,8] 

Iteracja 71... 
[4,5,2] 
[7,1,3] 
[0,6,8] 

Iteracja 72... 
[4,5,2] 
[0,1,3] 
[7,6,8] 

Iteracja 73... 
[0,5,2] 
[4,1,3] 
[7,6,8] 

Iteracja 74... 
[5,0,2] 
[4,1,3] 
[7,6,8] 

Iteracja 75... 
[5,1,2] 
[4,0,3] 
[7,6,8] 

Iteracja 76... 
[5,1,2] 
[0,4,3] 
[7,6,8] 

Iteracja 77... 
[0,1,2] 
[5,4,3] 
[7,6,8] 

Iteracja 78... 
[1,0,2] 
[5,4,3] 
[7,6,8] 

Iteracja 79... 
[0,1,2] 
[5,4,3] 
[7,6,8] 

Iteracja 80... 
[5,1,2] 
[0,4,3] 
[7,6,8] 

Iteracja 81... 
[5,1,2] 
[4,0,3] 
[7,6,8] 

Iteracja 82... 
[5,1,2] 
[4,3,0] 
[7,6,8] 

Iteracja 83... 
[5,1,2] 
[4,0,3] 
[7,6,8] 

Iteracja 84... 
[5,1,2] 
[0,4,3] 
[7,6,8] 

Iteracja 85... 
[0,1,2] 
[5,4,3] 
[7,6,8] 

Iteracja 86... 
[1,0,2] 
[5,4,3] 
[7,6,8] 

Iteracja 87... 
[1,2,0] 
[5,4,3] 
[7,6,8] 

Iteracja 88... 
[1,0,2] 
[5,4,3] 
[7,6,8] 

Iteracja 89... 
[1,4,2] 
[5,0,3] 
[7,6,8] 

Iteracja 90... 
[1,4,2] 
[0,5,3] 
[7,6,8] 

Iteracja 91... 
[1,4,2] 
[5,0,3] 
[7,6,8] 

Iteracja 92... 
[1,4,2] 
[5,3,0] 
[7,6,8] 

Iteracja 93... 
[1,4,2] 
[5,0,3] 
[7,6,8] 

Iteracja 94... 
[1,4,2] 
[0,5,3] 
[7,6,8] 

Iteracja 95... 
[0,4,2] 
[1,5,3] 
[7,6,8] 

Iteracja 96... 
[4,0,2] 
[1,5,3] 
[7,6,8] 

Iteracja 97... 
[0,4,2] 
[1,5,3] 
[7,6,8] 

Iteracja 98... 
[1,4,2] 
[0,5,3] 
[7,6,8] 

Iteracja 99... 
[1,4,2] 
[7,5,3] 
[0,6,8] 

Iteracja 100... 
[1,4,2] 
[7,5,3] 
[6,0,8] 

Iteracja 101... 
[1,4,2] 
[7,5,3] 
[0,6,8] 

Iteracja 102... 
[1,4,2] 
[7,5,3] 
[6,0,8] 

Iteracja 103... 
[1,4,2] 
[7,5,3] 
[6,8,0] 

Iteracja 104... 
[1,4,2] 
[7,5,3] 
[6,0,8] 

Iteracja 105... 
[1,4,2] 
[7,0,3] 
[6,5,8] 

Iteracja 106... 
[1,4,2] 
[0,7,3] 
[6,5,8] 

Iteracja 107... 
[1,4,2] 
[7,0,3] 
[6,5,8] 

Iteracja 108... 
[1,4,2] 
[7,3,0] 
[6,5,8] 

Iteracja 109... 
[1,4,2] 
[7,0,3] 
[6,5,8] 

Iteracja 110... 
[1,0,2] 
[7,4,3] 
[6,5,8] 

Iteracja 111... 
[0,1,2] 
[7,4,3] 
[6,5,8] 

Iteracja 112... 
[1,0,2] 
[7,4,3] 
[6,5,8] 

Iteracja 113... 
[0,1,2] 
[7,4,3] 
[6,5,8] 

Iteracja 114... 
[7,1,2] 
[0,4,3] 
[6,5,8] 

Iteracja 115... 
[7,1,2] 
[4,0,3] 
[6,5,8] 

Iteracja 116... 
[7,1,2] 
[4,3,0] 
[6,5,8] 

Iteracja 117... 
[7,1,2] 
[4,0,3] 
[6,5,8] 

Iteracja 118... 
[7,1,2] 
[4,5,3] 
[6,0,8] 

Iteracja 119... 
[7,1,2] 
[4,5,3] 
[0,6,8] 

Iteracja 120... 
[7,1,2] 
[4,5,3] 
[6,0,8] 

Iteracja 121... 
[7,1,2] 
[4,5,3] 
[6,8,0] 

Iteracja 122... 
[7,1,2] 
[4,5,3] 
[6,0,8] 

Iteracja 123... 
[7,1,2] 
[4,0,3] 
[6,5,8] 

Iteracja 124... 
[7,1,2] 
[0,4,3] 
[6,5,8] 

Iteracja 125... 
[0,1,2] 
[7,4,3] 
[6,5,8] 

Iteracja 126... 
[1,0,2] 
[7,4,3] 
[6,5,8] 

Iteracja 127... 
[1,2,0] 
[7,4,3] 
[6,5,8] 

Iteracja 128... 
[1,0,2] 
[7,4,3] 
[6,5,8] 

Iteracja 129... 
[1,4,2] 
[7,0,3] 
[6,5,8] 

Iteracja 130... 
[1,4,2] 
[0,7,3] 
[6,5,8] 

Iteracja 131... 
[0,4,2] 
[1,7,3] 
[6,5,8] 

Iteracja 132... 
[4,0,2] 
[1,7,3] 
[6,5,8] 

Iteracja 133... 
[0,4,2] 
[1,7,3] 
[6,5,8] 

Iteracja 134... 
[1,4,2] 
[0,7,3] 
[6,5,8] 

Iteracja 135... 
[1,4,2] 
[6,7,3] 
[0,5,8] 

Iteracja 136... 
[1,4,2] 
[6,7,3] 
[5,0,8] 

Iteracja 137... 
[1,4,2] 
[6,0,3] 
[5,7,8] 

Iteracja 138... 
[1,4,2] 
[6,3,0] 
[5,7,8] 

Iteracja 139... 
[1,4,2] 
[6,0,3] 
[5,7,8] 

Iteracja 140... 
[1,0,2] 
[6,4,3] 
[5,7,8] 

Iteracja 141... 
[0,1,2] 
[6,4,3] 
[5,7,8] 

Iteracja 142... 
[1,0,2] 
[6,4,3] 
[5,7,8] 

Iteracja 143... 
[0,1,2] 
[6,4,3] 
[5,7,8] 

Iteracja 144... 
[6,1,2] 
[0,4,3] 
[5,7,8] 

Iteracja 145... 
[6,1,2] 
[5,4,3] 
[0,7,8] 

Iteracja 146... 
[6,1,2] 
[5,4,3] 
[7,0,8] 

Iteracja 147... 
[6,1,2] 
[5,4,3] 
[0,7,8] 

Iteracja 148... 
[6,1,2] 
[0,4,3] 
[5,7,8] 

Iteracja 149... 
[6,1,2] 
[4,0,3] 
[5,7,8] 

Iteracja 150... 
[6,1,2] 
[4,3,0] 
[5,7,8] 

Iteracja 151... 
[6,1,2] 
[4,0,3] 
[5,7,8] 

Iteracja 152... 
[6,1,2] 
[0,4,3] 
[5,7,8] 

Iteracja 153... 
[0,1,2] 
[6,4,3] 
[5,7,8] 

Iteracja 154... 
[1,0,2] 
[6,4,3] 
[5,7,8] 

Iteracja 155... 
[1,2,0] 
[6,4,3] 
[5,7,8] 

Iteracja 156... 
[1,0,2] 
[6,4,3] 
[5,7,8] 

Iteracja 157... 
[1,4,2] 
[6,0,3] 
[5,7,8] 

Iteracja 158... 
[1,4,2] 
[0,6,3] 
[5,7,8] 

Iteracja 159... 
[1,4,2] 
[5,6,3] 
[0,7,8] 

Iteracja 160... 
[1,4,2] 
[5,6,3] 
[7,0,8] 

Iteracja 161... 
[1,4,2] 
[5,6,3] 
[0,7,8] 

Iteracja 162... 
[1,4,2] 
[0,6,3] 
[5,7,8] 

Iteracja 163... 
[1,4,2] 
[6,0,3] 
[5,7,8] 

Iteracja 164... 
[1,4,2] 
[6,3,0] 
[5,7,8] 

Iteracja 165... 
[1,4,0] 
[6,3,2] 
[5,7,8] 

Iteracja 166... 
[1,0,4] 
[6,3,2] 
[5,7,8] 

Iteracja 167... 
[0,1,4] 
[6,3,2] 
[5,7,8] 

Iteracja 168... 
[1,0,4] 
[6,3,2] 
[5,7,8] 

Iteracja 169... 
[0,1,4] 
[6,3,2] 
[5,7,8] 

Iteracja 170... 
[6,1,4] 
[0,3,2] 
[5,7,8] 

Iteracja 171... 
[6,1,4] 
[3,0,2] 
[5,7,8] 

Iteracja 172... 
[6,1,4] 
[0,3,2] 
[5,7,8] 

Iteracja 173... 
[6,1,4] 
[5,3,2] 
[0,7,8] 

Iteracja 174... 
[6,1,4] 
[5,3,2] 
[7,0,8] 

Iteracja 175... 
[6,1,4] 
[5,3,2] 
[0,7,8] 

Iteracja 176... 
[6,1,4] 
[0,3,2] 
[5,7,8] 

Iteracja 177... 
[6,1,4] 
[3,0,2] 
[5,7,8] 

Iteracja 178... 
[6,1,4] 
[3,2,0] 
[5,7,8] 

Iteracja 179... 
[6,1,0] 
[3,2,4] 
[5,7,8] 

Iteracja 180... 
[6,0,1] 
[3,2,4] 
[5,7,8] 

Iteracja 181... 
[6,2,1] 
[3,0,4] 
[5,7,8] 

Iteracja 182... 
[6,2,1] 
[3,4,0] 
[5,7,8] 

Iteracja 183... 
[6,2,1] 
[3,0,4] 
[5,7,8] 

Iteracja 184... 
[6,2,1] 
[0,3,4] 
[5,7,8] 

Iteracja 185... 
[0,2,1] 
[6,3,4] 
[5,7,8] 

Iteracja 186... 
[2,0,1] 
[6,3,4] 
[5,7,8] 

Iteracja 187... 
[2,1,0] 
[6,3,4] 
[5,7,8] 

Iteracja 188... 
[2,0,1] 
[6,3,4] 
[5,7,8] 

Iteracja 189... 
[0,2,1] 
[6,3,4] 
[5,7,8] 

Iteracja 190... 
[6,2,1] 
[0,3,4] 
[5,7,8] 

Iteracja 191... 
[6,2,1] 
[5,3,4] 
[0,7,8] 

Iteracja 192... 
[6,2,1] 
[5,3,4] 
[7,0,8] 

Iteracja 193... 
[6,2,1] 
[5,3,4] 
[0,7,8] 

Iteracja 194... 
[6,2,1] 
[0,3,4] 
[5,7,8] 

Iteracja 195... 
[6,2,1] 
[3,0,4] 
[5,7,8] 

Iteracja 196... 
[6,2,1] 
[3,4,0] 
[5,7,8] 

Iteracja 197... 
[6,2,0] 
[3,4,1] 
[5,7,8] 

Iteracja 198... 
[6,0,2] 
[3,4,1] 
[5,7,8] 

Iteracja 199... 
[0,6,2] 
[3,4,1] 
[5,7,8] 

Iteracja 200... 
[6,0,2] 
[3,4,1] 
[5,7,8] 

Iteracja 201... 
[6,2,0] 
[3,4,1] 
[5,7,8] 

Iteracja 202... 
[6,0,2] 
[3,4,1] 
[5,7,8] 

Iteracja 203... 
[6,4,2] 
[3,0,1] 
[5,7,8] 

Iteracja 204... 
[6,4,2] 
[3,1,0] 
[5,7,8] 

Iteracja 205... 
[6,4,2] 
[3,0,1] 
[5,7,8] 

Iteracja 206... 
[6,4,2] 
[0,3,1] 
[5,7,8] 

Iteracja 207... 
[0,4,2] 
[6,3,1] 
[5,7,8] 

Iteracja 208... 
[4,0,2] 
[6,3,1] 
[5,7,8] 

Iteracja 209... 
[0,4,2] 
[6,3,1] 
[5,7,8] 

Iteracja 210... 
[6,4,2] 
[0,3,1] 
[5,7,8] 

Iteracja 211... 
[6,4,2] 
[5,3,1] 
[0,7,8] 

Iteracja 212... 
[6,4,2] 
[5,3,1] 
[7,0,8] 

Iteracja 213... 
[6,4,2] 
[5,3,1] 
[0,7,8] 

Iteracja 214... 
[6,4,2] 
[0,3,1] 
[5,7,8] 

Iteracja 215... 
[6,4,2] 
[3,0,1] 
[5,7,8] 

Iteracja 216... 
[6,4,2] 
[3,1,0] 
[5,7,8] 

Iteracja 217... 
[6,4,0] 
[3,1,2] 
[5,7,8] 

Iteracja 218... 
[6,0,4] 
[3,1,2] 
[5,7,8] 

Iteracja 219... 
[0,6,4] 
[3,1,2] 
[5,7,8] 

Iteracja 220... 
[6,0,4] 
[3,1,2] 
[5,7,8] 

Iteracja 221... 
[6,4,0] 
[3,1,2] 
[5,7,8] 

Iteracja 222... 
[6,4,2] 
[3,1,0] 
[5,7,8] 

Iteracja 223... 
[6,4,2] 
[3,1,8] 
[5,7,0] 

Iteracja 224... 
[6,4,2] 
[3,1,8] 
[5,0,7] 

Iteracja 225... 
[6,4,2] 
[3,1,8] 
[0,5,7] 

Iteracja 226... 
[6,4,2] 
[3,1,8] 
[5,0,7] 

Iteracja 227... 
[6,4,2] 
[3,1,8] 
[0,5,7] 

Iteracja 228... 
[6,4,2] 
[0,1,8] 
[3,5,7] 

Iteracja 229... 
[0,4,2] 
[6,1,8] 
[3,5,7] 

Iteracja 230... 
[4,0,2] 
[6,1,8] 
[3,5,7] 

Iteracja 231... 
[4,1,2] 
[6,0,8] 
[3,5,7] 

Iteracja 232... 
[4,1,2] 
[6,5,8] 
[3,0,7] 

Iteracja 233... 
[4,1,2] 
[6,5,8] 
[3,7,0] 

Iteracja 234... 
[4,1,2] 
[6,5,0] 
[3,7,8] 

Iteracja 235... 
[4,1,2] 
[6,0,5] 
[3,7,8] 

Iteracja 236... 
[4,1,2] 
[0,6,5] 
[3,7,8] 

Iteracja 237... 
[0,1,2] 
[4,6,5] 
[3,7,8] 

Iteracja 238... 
[1,0,2] 
[4,6,5] 
[3,7,8] 

Iteracja 239... 
[0,1,2] 
[4,6,5] 
[3,7,8] 

Iteracja 240... 
[4,1,2] 
[0,6,5] 
[3,7,8] 

Iteracja 241... 
[4,1,2] 
[3,6,5] 
[0,7,8] 

Iteracja 242... 
[4,1,2] 
[3,6,5] 
[7,0,8] 

Iteracja 243... 
[4,1,2] 
[3,0,5] 
[7,6,8] 

Iteracja 244... 
[4,1,2] 
[0,3,5] 
[7,6,8] 

Iteracja 245... 
[0,1,2] 
[4,3,5] 
[7,6,8] 

Iteracja 246... 
[1,0,2] 
[4,3,5] 
[7,6,8] 

Iteracja 247... 
[0,1,2] 
[4,3,5] 
[7,6,8] 

Iteracja 248... 
[4,1,2] 
[0,3,5] 
[7,6,8] 

Iteracja 249... 
[4,1,2] 
[3,0,5] 
[7,6,8] 

Iteracja 250... 
[4,1,2] 
[3,5,0] 
[7,6,8] 

Iteracja 251... 
[4,1,2] 
[3,0,5] 
[7,6,8] 

Iteracja 252... 
[4,0,2] 
[3,1,5] 
[7,6,8] 

Iteracja 253... 
[0,4,2] 
[3,1,5] 
[7,6,8] 

Iteracja 254... 
[4,0,2] 
[3,1,5] 
[7,6,8] 

Iteracja 255... 
[0,4,2] 
[3,1,5] 
[7,6,8] 

Iteracja 256... 
[3,4,2] 
[0,1,5] 
[7,6,8] 

Iteracja 257... 
[3,4,2] 
[1,0,5] 
[7,6,8] 

Iteracja 258... 
[3,0,2] 
[1,4,5] 
[7,6,8] 

Iteracja 259... 
[0,3,2] 
[1,4,5] 
[7,6,8] 

Iteracja 260... 
[1,3,2] 
[0,4,5] 
[7,6,8] 

Iteracja 261... 
[1,3,2] 
[4,0,5] 
[7,6,8] 

Iteracja 262... 
[1,3,2] 
[0,4,5] 
[7,6,8] 

Iteracja 263... 
[0,3,2] 
[1,4,5] 
[7,6,8] 

Iteracja 264... 
[3,0,2] 
[1,4,5] 
[7,6,8] 

Iteracja 265... 
[3,2,0] 
[1,4,5] 
[7,6,8] 

Iteracja 266... 
[3,0,2] 
[1,4,5] 
[7,6,8] 

Iteracja 267... 
[3,4,2] 
[1,0,5] 
[7,6,8] 

Iteracja 268... 
[3,4,2] 
[0,1,5] 
[7,6,8] 

Iteracja 269... 
[0,4,2] 
[3,1,5] 
[7,6,8] 

Iteracja 270... 
[4,0,2] 
[3,1,5] 
[7,6,8] 

Iteracja 271... 
[4,2,0] 
[3,1,5] 
[7,6,8] 

Iteracja 272... 
[4,0,2] 
[3,1,5] 
[7,6,8] 

Iteracja 273... 
[4,1,2] 
[3,0,5] 
[7,6,8] 

Iteracja 274... 
[4,1,2] 
[3,6,5] 
[7,0,8] 

Iteracja 275... 
[4,1,2] 
[3,6,5] 
[0,7,8] 

Iteracja 276... 
[4,1,2] 
[0,6,5] 
[3,7,8] 

Iteracja 277... 
[4,1,2] 
[6,0,5] 
[3,7,8] 

Iteracja 278... 
[4,1,2] 
[6,5,0] 
[3,7,8] 

Iteracja 279... 
[4,1,2] 
[6,0,5] 
[3,7,8] 

Iteracja 280... 
[4,0,2] 
[6,1,5] 
[3,7,8] 

Iteracja 281... 
[0,4,2] 
[6,1,5] 
[3,7,8] 

Iteracja 282... 
[4,0,2] 
[6,1,5] 
[3,7,8] 

Iteracja 283... 
[0,4,2] 
[6,1,5] 
[3,7,8] 

Iteracja 284... 
[6,4,2] 
[0,1,5] 
[3,7,8] 

Iteracja 285... 
[6,4,2] 
[3,1,5] 
[0,7,8] 

Iteracja 286... 
[6,4,2] 
[3,1,5] 
[7,0,8] 

Iteracja 287... 
[6,4,2] 
[3,1,5] 
[0,7,8] 

Iteracja 288... 
[6,4,2] 
[0,1,5] 
[3,7,8] 

Iteracja 289... 
[6,4,2] 
[1,0,5] 
[3,7,8] 

Iteracja 290... 
[6,0,2] 
[1,4,5] 
[3,7,8] 

Iteracja 291... 
[0,6,2] 
[1,4,5] 
[3,7,8] 

Iteracja 292... 
[1,6,2] 
[0,4,5] 
[3,7,8] 

Iteracja 293... 
[1,6,2] 
[3,4,5] 
[0,7,8] 

Iteracja 294... 
[1,6,2] 
[3,4,5] 
[7,0,8] 

Iteracja 295... 
[1,6,2] 
[3,4,5] 
[0,7,8] 

Iteracja 296... 
[1,6,2] 
[0,4,5] 
[3,7,8] 

Iteracja 297... 
[1,6,2] 
[4,0,5] 
[3,7,8] 

Iteracja 298... 
[1,6,2] 
[0,4,5] 
[3,7,8] 

Iteracja 299... 
[0,6,2] 
[1,4,5] 
[3,7,8] 

Iteracja 300... 
[6,0,2] 
[1,4,5] 
[3,7,8] 

Iteracja 301... 
[6,2,0] 
[1,4,5] 
[3,7,8] 

Iteracja 302... 
[6,0,2] 
[1,4,5] 
[3,7,8] 

Iteracja 303... 
[6,4,2] 
[1,0,5] 
[3,7,8] 

Iteracja 304... 
[6,4,2] 
[0,1,5] 
[3,7,8] 

Iteracja 305... 
[0,4,2] 
[6,1,5] 
[3,7,8] 

Iteracja 306... 
[4,0,2] 
[6,1,5] 
[3,7,8] 

Iteracja 307... 
[4,2,0] 
[6,1,5] 
[3,7,8] 

Iteracja 308... 
[4,0,2] 
[6,1,5] 
[3,7,8] 

Iteracja 309... 
[4,1,2] 
[6,0,5] 
[3,7,8] 

Iteracja 310... 
[4,1,2] 
[6,7,5] 
[3,0,8] 

Iteracja 311... 
[4,1,2] 
[6,7,5] 
[0,3,8] 

Iteracja 312... 
[4,1,2] 
[0,7,5] 
[6,3,8] 

Iteracja 313... 
[0,1,2] 
[4,7,5] 
[6,3,8] 

Iteracja 314... 
[1,0,2] 
[4,7,5] 
[6,3,8] 

Iteracja 315... 
[0,1,2] 
[4,7,5] 
[6,3,8] 

Iteracja 316... 
[4,1,2] 
[0,7,5] 
[6,3,8] 

Iteracja 317... 
[4,1,2] 
[7,0,5] 
[6,3,8] 

Iteracja 318... 
[4,1,2] 
[7,3,5] 
[6,0,8] 

Iteracja 319... 
[4,1,2] 
[7,3,5] 
[0,6,8] 

Iteracja 320... 
[4,1,2] 
[7,3,5] 
[6,0,8] 

Iteracja 321... 
[4,1,2] 
[7,3,5] 
[6,8,0] 

Iteracja 322... 
[4,1,2] 
[7,3,5] 
[6,0,8] 

Iteracja 323... 
[4,1,2] 
[7,0,5] 
[6,3,8] 

Iteracja 324... 
[4,1,2] 
[0,7,5] 
[6,3,8] 

Iteracja 325... 
[0,1,2] 
[4,7,5] 
[6,3,8] 

Iteracja 326... 
[1,0,2] 
[4,7,5] 
[6,3,8] 

Iteracja 327... 
[1,2,0] 
[4,7,5] 
[6,3,8] 

Iteracja 328... 
[1,0,2] 
[4,7,5] 
[6,3,8] 

Iteracja 329... 
[1,7,2] 
[4,0,5] 
[6,3,8] 

Iteracja 330... 
[1,7,2] 
[0,4,5] 
[6,3,8] 

Iteracja 331... 
[1,7,2] 
[4,0,5] 
[6,3,8] 

Iteracja 332... 
[1,7,2] 
[4,3,5] 
[6,0,8] 

Iteracja 333... 
[1,7,2] 
[4,3,5] 
[0,6,8] 

Iteracja 334... 
[1,7,2] 
[4,3,5] 
[6,0,8] 

Iteracja 335... 
[1,7,2] 
[4,3,5] 
[6,8,0] 

Iteracja 336... 
[1,7,2] 
[4,3,5] 
[6,0,8] 

Iteracja 337... 
[1,7,2] 
[4,0,5] 
[6,3,8] 

Iteracja 338... 
[1,7,2] 
[0,4,5] 
[6,3,8] 

Iteracja 339... 
[0,7,2] 
[1,4,5] 
[6,3,8] 

Iteracja 340... 
[7,0,2] 
[1,4,5] 
[6,3,8] 

Iteracja 341... 
[0,7,2] 
[1,4,5] 
[6,3,8] 

Iteracja 342... 
[1,7,2] 
[0,4,5] 
[6,3,8] 

Iteracja 343... 
[1,7,2] 
[6,4,5] 
[0,3,8] 

Iteracja 344... 
[1,7,2] 
[6,4,5] 
[3,0,8] 

Iteracja 345... 
[1,7,2] 
[6,4,5] 
[0,3,8] 

Iteracja 346... 
[1,7,2] 
[6,4,5] 
[3,0,8] 

Iteracja 347... 
[1,7,2] 
[6,4,5] 
[3,8,0] 

Iteracja 348... 
[1,7,2] 
[6,4,5] 
[3,0,8] 

Iteracja 349... 
[1,7,2] 
[6,0,5] 
[3,4,8] 

Iteracja 350... 
[1,0,2] 
[6,7,5] 
[3,4,8] 

Iteracja 351... 
[0,1,2] 
[6,7,5] 
[3,4,8] 

Iteracja 352... 
[1,0,2] 
[6,7,5] 
[3,4,8] 

Iteracja 353... 
[0,1,2] 
[6,7,5] 
[3,4,8] 

Iteracja 354... 
[6,1,2] 
[0,7,5] 
[3,4,8] 

Iteracja 355... 
[6,1,2] 
[3,7,5] 
[0,4,8] 

Iteracja 356... 
[6,1,2] 
[3,7,5] 
[4,0,8] 

Iteracja 357... 
[6,1,2] 
[3,0,5] 
[4,7,8] 

Iteracja 358... 
[6,1,2] 
[0,3,5] 
[4,7,8] 

Iteracja 359... 
[0,1,2] 
[6,3,5] 
[4,7,8] 

Iteracja 360... 
[1,0,2] 
[6,3,5] 
[4,7,8] 

Iteracja 361... 
[0,1,2] 
[6,3,5] 
[4,7,8] 

Iteracja 362... 
[6,1,2] 
[0,3,5] 
[4,7,8] 

Iteracja 363... 
[6,1,2] 
[4,3,5] 
[0,7,8] 

Iteracja 364... 
[6,1,2] 
[4,3,5] 
[7,0,8] 

Iteracja 365... 
[6,1,2] 
[4,3,5] 
[0,7,8] 

Iteracja 366... 
[6,1,2] 
[0,3,5] 
[4,7,8] 

Iteracja 367... 
[6,1,2] 
[3,0,5] 
[4,7,8] 

Iteracja 368... 
[6,1,2] 
[3,5,0] 
[4,7,8] 

Iteracja 369... 
[6,1,2] 
[3,0,5] 
[4,7,8] 

Iteracja 370... 
[6,0,2] 
[3,1,5] 
[4,7,8] 

Iteracja 371... 
[0,6,2] 
[3,1,5] 
[4,7,8] 

Iteracja 372... 
[6,0,2] 
[3,1,5] 
[4,7,8] 

Iteracja 373... 
[6,2,0] 
[3,1,5] 
[4,7,8] 

Iteracja 374... 
[6,0,2] 
[3,1,5] 
[4,7,8] 

Iteracja 375... 
[6,1,2] 
[3,0,5] 
[4,7,8] 

Iteracja 376... 
[6,1,2] 
[3,7,5] 
[4,0,8] 

Iteracja 377... 
[6,1,2] 
[3,7,5] 
[0,4,8] 

Iteracja 378... 
[6,1,2] 
[0,7,5] 
[3,4,8] 

Iteracja 379... 
[6,1,2] 
[7,0,5] 
[3,4,8] 

Iteracja 380... 
[6,1,2] 
[7,4,5] 
[3,0,8] 

Iteracja 381... 
[6,1,2] 
[7,4,5] 
[0,3,8] 

Iteracja 382... 
[6,1,2] 
[0,4,5] 
[7,3,8] 

Iteracja 383... 
[0,1,2] 
[6,4,5] 
[7,3,8] 

Iteracja 384... 
[1,0,2] 
[6,4,5] 
[7,3,8] 

Iteracja 385... 
[0,1,2] 
[6,4,5] 
[7,3,8] 

Iteracja 386... 
[6,1,2] 
[0,4,5] 
[7,3,8] 

Iteracja 387... 
[6,1,2] 
[4,0,5] 
[7,3,8] 

Iteracja 388... 
[6,1,2] 
[0,4,5] 
[7,3,8] 

Iteracja 389... 
[0,1,2] 
[6,4,5] 
[7,3,8] 

Iteracja 390... 
[1,0,2] 
[6,4,5] 
[7,3,8] 

Iteracja 391... 
[1,2,0] 
[6,4,5] 
[7,3,8] 

Iteracja 392... 
[1,0,2] 
[6,4,5] 
[7,3,8] 

Iteracja 393... 
[1,4,2] 
[6,0,5] 
[7,3,8] 

Iteracja 394... 
[1,4,2] 
[6,3,5] 
[7,0,8] 

Iteracja 395... 
[1,4,2] 
[6,3,5] 
[0,7,8] 

Iteracja 396... 
[1,4,2] 
[0,3,5] 
[6,7,8] 

Iteracja 397... 
[1,4,2] 
[3,0,5] 
[6,7,8] 

Iteracja 398... 
[1,0,2] 
[3,4,5] 
[6,7,8] 

Iteracja 399... 
[0,1,2] 
[3,4,5] 
[6,7,8] 


Znaleziono docelowe rozwiązanie
Rozwiązanie znaleziono w 38 ms
